intrinsic matrix: [[3.59799851e+03 0.00000000e+00 1.23154228e+03]
 [0.00000000e+00 3.59729881e+03 9.95930081e+02]
 [0.00000000e+00 0.00000000e+00 1.00000000e+00]]
distortion cofficients: [[-1.07094217e-01 -3.30703291e-01 -1.05267661e-03  1.12588333e-03
   5.64602103e+00]]
rotation vectors: (array([[-0.00674996],
       [-0.08019161],
       [-0.52399017]]), array([[-0.11452997],
       [ 0.03380459],
       [ 2.90468872]]), array([[ 0.0030996 ],
       [-0.08111966],
       [-0.76147633]]), array([[ 0.01751773],
       [-0.08203664],
       [-1.10398503]]), array([[ 0.01738715],
       [-0.08222342],
       [-1.13046977]]), array([[ 0.03995734],
       [-0.08092428],
       [-1.59065529]]), array([[ 0.04934701],
       [-0.07814568],
       [-1.81242856]]), array([[ 0.0675719 ],
       [-0.07448037],
       [-2.16828138]]), array([[ 0.08232288],
       [-0.06804002],
       [-2.45523802]]), array([[ 0.10199963],
       [-0.06116997],
       [-2.83831516]]))
translation vectors: (array([[-0.04524753],
       [-0.00503756],
       [ 0.21066568]]), array([[ 0.01743479],
       [-0.00205582],
       [ 0.21520938]]), array([[-0.04644668],
       [ 0.00215657],
       [ 0.2103929 ]]), array([[-0.04341215],
       [ 0.01059477],
       [ 0.21037706]]), array([[-0.045886  ],
       [ 0.0104802 ],
       [ 0.21019822]]), array([[-0.03137145],
       [ 0.0224277 ],
       [ 0.21092985]]), array([[-0.02716224],
       [ 0.02561589],
       [ 0.21118077]]), array([[-0.01096402],
       [ 0.02517642],
       [ 0.21238153]]), array([[-0.00646855],
       [ 0.0227129 ],
       [ 0.21280187]]), array([[0.00764718],
       [0.01228164],
       [0.21406398]]))
